No field:
0.23 mm
0.0 mm
-0.24 mm
-0.41 mm
-0.6 mm
-0.76 mm
-0.91 mm

4A field:
(lower, upper)
0.02 mm, -0.08mm
-0.22, -0.31
-0.41, -0.49
-0.59, -0.68
-0.73, -0.82
-0.90, -0.96

6A:
0.15, 0.08
0.02, -0.07
-0.18, -0.26
-0.38, -0.47
-0.

8A
0.03, -0.09
-0.21, -0.33
-0.41, -0.50
-0.57 -0.66
-0.73, -0.83
-0.87, -0.96

12A
0.06, -0.13
-0.19, -0.33,
-0.38, -0.51
-0.56, -0.70
-0.73, -0.85
-0.88, -0.97

14 A 
0.08, -0.11
-0.19, -0.37
-0.40, -0.54
-0.59, -0.67
-0.72, -0.83
-0.86, -0.96


16A
0.09, -0.14
-0.19, -0.35
-0.40, -0.51
-0.56, -0.68
-0.74, -0.83
-0.87, -0.97

